[[0.43944632 0.19353631 0.18091105 0.14892401 0.13126492 0.15978129
  0.1510048  0.14307752 0.15133028 0.13918014 0.13661495 0.13922502
  0.14652193]
 [0.41033832 0.1431459  0.15938207 0.12978214 0.15313206 0.1424605
  0.15363745 0.1685252  0.15940433 0.16433541 0.15415639 0.15280948
  0.15162651]
 [0.33636253 0.15720164 0.15284332 0.1408642  0.15272896 0.13357794
  0.12945188 0.13515438 0.15405078 0.16727486 0.15086608 0.15329517
  0.14348272]
 [0.42618588 0.30739886 0.1714257  0.14171103 0.15186686 0.14313659
  0.14934866 0.14448737 0.15079057 0.15179996 0.14880868 0.15321967
  0.15513701]
 [0.42256649 0.15225662 0.14871165 0.14579596 0.12057354 0.13869621
  0.13559486 0.14135685 0.13438728 0.13911522 0.14620119 0.14499948
  0.14271286]
 [0.29814117 0.17640175 0.15630952 0.14272053 0.15144016 0.15481778
  0.13802862 0.15363462 0.12727422 0.15289981 0.12668956 0.17510542
  0.14870446]
 [0.45315278 0.19664635 0.12729152 0.14526865 0.13871246 0.16700109
  0.14885394 0.16457342 0.14016864 0.13673229 0.16563269 0.15972
  0.17208249]
 [0.21313932 0.18360024 0.17173432 0.13842034 0.11363119 0.15486255
  0.16189041 0.16285245 0.13984105 0.13878858 0.13984734 0.14156099
  0.13888071]
 [0.3916601  0.18377886 0.1881097  0.12363039 0.16264181 0.14929828
  0.14181908 0.15333717 0.13333284 0.14592642 0.16428247 0.13734029
  0.14357077]
 [0.37799899 0.19493241 0.18196926 0.14593933 0.15681527 0.12945821
  0.12182804 0.14765609 0.16289935 0.13600978 0.15365813 0.14342828
  0.15710362]]