[[0.35764403 0.157437   0.13342925 0.08975071 0.07079231 0.06802192
  0.06161216 0.06585314 0.06502928 0.04691116 0.04812035 0.06462136
  0.04542844]
 [0.36999105 0.1904856  0.144505   0.11392545 0.0734763  0.07432853
  0.06953377 0.08246144 0.06051064 0.0618168  0.06781536 0.07172717
  0.07299002]
 [0.48233638 0.17062051 0.11459944 0.0822418  0.08612961 0.07035612
  0.06587626 0.05179596 0.06088854 0.0532014  0.0541219  0.0635
  0.07380132]
 [0.47141667 0.17514096 0.1647395  0.09124014 0.08216661 0.07727918
  0.0633243  0.08378944 0.05048397 0.05357292 0.06620657 0.07407432
  0.07036085]
 [0.41211127 0.11749232 0.10553178 0.09158581 0.07006728 0.061435
  0.06501121 0.07690423 0.05725927 0.08021063 0.05264828 0.07744494
  0.07765373]
 [0.43827119 0.19499204 0.10699068 0.09029947 0.06891981 0.0582369
  0.07670727 0.07360185 0.06069357 0.06226974 0.0724683  0.06916999
  0.07230368]
 [0.45390087 0.17069024 0.17286398 0.08200408 0.10169595 0.07418251
  0.07796603 0.07639839 0.0539979  0.05618468 0.0521062  0.05178599
  0.07179118]
 [0.49669287 0.16868744 0.14616334 0.09313989 0.08171933 0.08137562
  0.07034686 0.07680077 0.06589162 0.05433512 0.07948848 0.05479484
  0.06223424]
 [0.43018424 0.15267888 0.14345531 0.08859276 0.07027026 0.06859137
  0.06860839 0.08093302 0.08172301 0.03923744 0.07307678 0.0596555
  0.06027743]
 [0.45430105 0.1299373  0.10378119 0.09206011 0.08784734 0.07006793
  0.08996656 0.06225811 0.08713256 0.04341522 0.05770175 0.06651909
  0.06437759]]