[[0.21214153 0.27030556 0.13781773 0.12221526 0.10937428 0.09559003
  0.1292044  0.11710779 0.09591158 0.10035126 0.12060445 0.11017901
  0.09445741]
 [0.37127175 0.18943101 0.14423097 0.12740587 0.10330451 0.13066118
  0.10839768 0.11343515 0.10920817 0.09324321 0.08991439 0.10294339
  0.09450365]
 [0.29146051 0.16485656 0.15266857 0.16333282 0.14590885 0.10630862
  0.11122899 0.09246597 0.12171743 0.09658035 0.10267288 0.08266428
  0.09566113]
 [0.30440338 0.23845219 0.15904873 0.14016348 0.14084979 0.11962945
  0.10964879 0.10080912 0.1005727  0.10307242 0.09770538 0.0997081
  0.10131062]
 [0.30349004 0.22861844 0.15211506 0.10387562 0.1332501  0.09742986
  0.09470301 0.12280617 0.10129908 0.09246327 0.08457591 0.10975018
  0.10287231]
 [0.40618799 0.19264824 0.1364527  0.14880484 0.12395333 0.13515369
  0.11270313 0.12012049 0.09924816 0.10262485 0.11816028 0.09304458
  0.09806112]
 [0.30925664 0.15417363 0.16713991 0.11907488 0.12922616 0.10823776
  0.09963244 0.10495495 0.10078399 0.08889852 0.08151611 0.09560313
  0.090722  ]
 [0.45390648 0.25890072 0.15964419 0.12784341 0.1210121  0.12452077
  0.10098117 0.10629163 0.09102824 0.10906376 0.1011852  0.09204887
  0.09958282]
 [0.38055989 0.1684849  0.1586882  0.15166858 0.12671707 0.09996792
  0.10862735 0.11044309 0.11264    0.10012737 0.1207624  0.09985909
  0.0866053 ]
 [0.28256397 0.19790658 0.13581521 0.11955229 0.11897713 0.09722326
  0.13639891 0.1020464  0.09671364 0.10661586 0.13121055 0.09678874
  0.09773067]]