[[0.34911289 0.19156856 0.17933534 0.1302679  0.11735126 0.12562725
  0.08494033 0.09747627 0.13483579 0.119001   0.10877326 0.10731535
  0.10002469 0.10641997]
 [0.39300524 0.15523738 0.13533882 0.13732266 0.13485111 0.13490527
  0.09316466 0.10343227 0.10664386 0.11064182 0.1094504  0.11585709
  0.09822359 0.08534717]
 [0.32224453 0.16400067 0.16744739 0.16035706 0.13379064 0.11504832
  0.10557378 0.10417486 0.10676728 0.10547284 0.10018114 0.09976591
  0.09138913 0.11199863]
 [0.27363011 0.19302673 0.18121185 0.14102178 0.11470072 0.10834223
  0.11646661 0.10242449 0.09720975 0.10897451 0.11750442 0.10004696
  0.08503931 0.09581448]
 [0.29468236 0.12133275 0.17640995 0.11454162 0.1215616  0.1192843
  0.11389843 0.10353174 0.09797718 0.12288905 0.09671855 0.09757661
  0.11250965 0.08774664]
 [0.42425915 0.23223981 0.14607884 0.11862744 0.10690913 0.08923945
  0.11600574 0.11427283 0.10568827 0.10130771 0.10522353 0.08485837
  0.09307281 0.10825058]
 [0.29026318 0.18721747 0.16763135 0.13470255 0.10253295 0.13949964
  0.115086   0.11333583 0.10646739 0.10200791 0.10399935 0.08458354
  0.09143992 0.09784998]
 [0.2237161  0.1688292  0.14058083 0.11193866 0.12906997 0.14143119
  0.1040145  0.11137919 0.11588462 0.11667203 0.10249616 0.10115776
  0.12107064 0.1134339 ]
 [0.20157532 0.14122755 0.12634095 0.11505569 0.1333859  0.12780618
  0.12097315 0.10513926 0.10624407 0.10501614 0.10239461 0.08661048
  0.10970701 0.09072199]
 [0.34938202 0.28155589 0.1329358  0.12872991 0.15751904 0.12684909
  0.09709757 0.11723563 0.12708978 0.10968457 0.0961941  0.09525074
  0.08520306 0.10157729]]